Run ID,Mode,Time Taken (s),Success,Task Success,Expected Tools,Actual Tools,Tool Selection Accuracy,Argument Precision,Tool Error Rate,Redundant Call Ratio,Step Efficiency,Looping Rate,LLM Steps,Total Tool Calls,Prompt Tokens,Completion Tokens,Agent Reply Snippet
1,no_memory,29.86,False,False,"list_available_files, inspect_and_visualize_ifc_tool",list_available_files,0.5,0.0,0.0,0.0,1.0,0.0,2,1,12375,64,Available files in `/workspace/all_files`:  ### IFC 3D Models (1) - 🏗️ `20160414office_model_CV2_for...
2,no_memory,5.81,False,False,"list_available_files, inspect_and_visualize_ifc_tool",list_available_files,0.5,0.0,0.0,0.0,1.0,0.0,2,1,12375,61,Available files in `/workspace/all_files`:  ### IFC 3D Models (1) - 🏗️ `20160414office_model_CV2_for...
3,no_memory,5.69,False,False,"list_available_files, inspect_and_visualize_ifc_tool",list_available_files,0.5,0.0,0.0,0.0,1.0,0.0,2,1,12375,61,Available files in `/workspace/all_files`:  ### IFC 3D Models (1) - 🏗️ `20160414office_model_CV2_for...
4,no_memory,5.7,False,False,"list_available_files, inspect_and_visualize_ifc_tool",list_available_files,0.5,0.0,0.0,0.0,1.0,0.0,2,1,12375,61,Available files in `/workspace/all_files`:  ### IFC 3D Models (1) - 🏗️ `20160414office_model_CV2_for...
5,no_memory,5.67,False,False,"list_available_files, inspect_and_visualize_ifc_tool",list_available_files,0.5,0.0,0.0,0.0,1.0,0.0,2,1,12375,61,Available files in `/workspace/all_files`:  ### IFC 3D Models (1) - 🏗️ `20160414office_model_CV2_for...
